0.000000000000000000e+00 9.990978368292581235e-01 9.169632047079703252e-01 9.500457058724499637e-01 1.027866500171147779e+00 1.051681933504482247e+00 9.652244260083898686e-01 1.012513818821045630e+00 1.072883081969857821e+00 1.107033614215244599e+00 1.003502211544054612e+00 1.012513818821045630e+00 1.088615428074432012e+00 1.165298541279204958e+00 1.048638150076374398e+00 1.051949873800486213e+00 1.162379539702180553e+00 1.226630043451794716e+00 1.203183869913212911e+00 1.138624604149089947e+00 9.482652070245475295e-01 9.025434205788274156e-01 8.080802297253026900e-01 8.870104060170269644e-01 9.482652070245475295e-01 9.500457058724499637e-01 8.732508919754236043e-01 9.491429449877951674e-01 1.039749815294827906e+00 1.017574347342843355e+00 9.717226712683065815e-01 1.012513818821045630e+00 1.201863938617890648e+00 1.296521883961742727e+00 1.266509336750750503e+00 1.198552214893778833e+00 1.087342017877977574e+00 1.108238044598662375e+00 1.158429646435977345e+00 1.147882268858825050e+00 9.482652070245475295e-01 9.619145898429409813e-01 9.186488116615160182e-01 9.491429449877951674e-01 1.039749815294827906e+00 1.046630468462046659e+00 1.008850215406897899e+00 9.684109475441947668e-01 1.266509336750750503e+00 1.301369586350632934e+00 1.326794200605779794e+00 1.263197613026638688e+00 9.482652070245475295e-01 9.372607875475292838e-01 8.488453224482505055e-01 8.806144289969024541e-01 9.482652070245475295e-01 9.865903026816098542e-01 9.669987491173853700e-01 9.538174116731314989e-01 1.039749815294827906e+00 1.046630468462046659e+00 1.049906205592265884e+00 1.005538491682786084e+00 1.475337344678427032e+00 1.481469319640351001e+00 1.391101246713810191e+00 1.394412970437922006e+00 9.491429449877951674e-01 9.491429449877951674e-01 9.491429449877951674e-01 9.491429449877951674e-01 1.143138711411094466e+00 1.051963825669142594e+00 9.962194968477792179e-01 1.056861397975769057e+00 1.173819424211208329e+00 1.096419902932168622e+00 1.048652101945030779e+00 1.109065413757190477e+00 1.202904665823240515e+00 1.152121489909440522e+00 1.093108179208056807e+00 1.110295583535926722e+00 1.231290108876193612e+00 1.206666020030313202e+00 1.148809766185328707e+00 1.152121489909440522e+00 1.401570477444505691e+00 1.270174757926645581e+00 1.173931386576998026e+00 1.299377726379584042e+00
9.990978368292581235e-01 0.000000000000000000e+00 1.000048111444684196e+00 9.652244260083898686e-01 1.065804019811626979e+00 1.081964737022260925e+00 1.012513818821045630e+00 9.652244260083898686e-01 1.065804019811626979e+00 1.129350612599850479e+00 1.006813935268166427e+00 1.003502211544054612e+00 1.084277627096643659e+00 1.145910976920454738e+00 1.121898968222765358e+00 1.048638150076374398e+00 1.163188631544559648e+00 1.167944295433234636e+00 1.291189519422941911e+00 1.143024676417552232e+00 9.336951642284494479e-01 9.981739021311026860e-01 8.587997264721233259e-01 8.506107681318976210e-01 9.990978368292581235e-01 9.981739021311026860e-01 1.000048111444684196e+00 8.732508919754236043e-01 1.065804019811626979e+00 1.094473489784029363e+00 1.071130891939835239e+00 9.838559947878579015e-01 1.198552214893778833e+00 1.201863938617890648e+00 1.364759877854466064e+00 1.219399627827344679e+00 1.128620537879343022e+00 1.104306037556094688e+00 1.166566362735434126e+00 1.219399627827344679e+00 9.990978368292581235e-01 9.981739021311026860e-01 1.012541673518885244e+00 9.335128205770477638e-01 1.065804019811626979e+00 1.094473489784029363e+00 1.101716282591628016e+00 9.717226712683065815e-01 1.263197613026638688e+00 1.279466577774114544e+00 1.357050181697675217e+00 1.279466577774114544e+00 9.269625568388447645e-01 9.981739021311026860e-01 9.051235933800130251e-01 8.935213920507900642e-01 9.990978368292581235e-01 9.981739021311026860e-01 1.038516108085905110e+00 9.263855965387043367e-01 1.065804019811626979e+00 1.094473489784029363e+00 1.101716282591628016e+00 1.040055915707571943e+00 1.394412970437922006e+00 1.552986678608870630e+00 1.394412970437922006e+00 1.404249716120427260e+00 9.990978368292581235e-01 9.990978368292581235e-01 9.990978368292581235e-01 9.990978368292581235e-01 1.056861397975769057e+00 1.203303906748520502e+00 1.038516108085905110e+00 1.034697650449143635e+00 1.167437277639147952e+00 1.235599393906535060e+00 1.080116046140908059e+00 1.048652101945030779e+00 1.110295583535926722e+00 1.266215437708674285e+00 1.096419902932168622e+00 1.093108179208056807e+00 1.173180140256854020e+00 1.296094851448625018e+00 1.173180140256854020e+00 1.148809766185328707e+00 1.367766027767983283e+00 1.331491953572280451e+00 1.270174757926645581e+00 1.173931386576998026e+00
9.169632047079703252e-01 1.000048111444684196e+00 0.000000000000000000e+00 9.500457058724499637e-01 9.652244260083898686e-01 1.012513818821045630e+00 1.003396399332383782e+00 9.990978368292581235e-01 1.003502211544054612e+00 1.022939414390563240e+00 1.041674184868048858e+00 1.051681933504482247e+00 1.048638150076374398e+00 1.051949873800486213e+00 1.086810123400368422e+00 1.107033614215244599e+00 1.143024676417552232e+00 1.138624604149089947e+00 1.223557410212821717e+00 1.226630043451794716e+00 8.080802297253026900e-01 8.870104060170269644e-01 9.482652070245475295e-01 8.574162495498860448e-01 8.732508919754236043e-01 8.996456651395403625e-01 8.732508919754236043e-01 8.983405838905470508e-01 9.437391369718548528e-01 9.699176010019308070e-01 9.437391369718548528e-01 9.752782392023775504e-01 1.203183869913212911e+00 1.198552214893778833e+00 1.226849151257427550e+00 1.236724188217772857e+00 1.158429646435977345e+00 1.090488155415883842e+00 1.087342017877977574e+00 1.146332719028797520e+00 8.968557112084104554e-01 8.937975959493317246e-01 8.968557112084104554e-01 9.290463980952897716e-01 9.717226712683065815e-01 1.012513818821045630e+00 1.039749815294827906e+00 1.006582920868188902e+00 1.266509336750750503e+00 1.263197613026638688e+00 1.293255744132462581e+00 1.301369586350632934e+00 8.488453224482505055e-01 8.806144289969024541e-01 9.482652070245475295e-01 8.903977481701528252e-01 9.263855965387043367e-01 9.231136515576443546e-01 9.263855965387043367e-01 9.608271225423746786e-01 1.008850215406897899e+00 1.012513818821045630e+00 1.039749815294827906e+00 1.043710465006780330e+00 1.404249716120427260e+00 1.447930863167033788e+00 1.429273220037804437e+00 1.407395853658333307e+00 9.491429449877951674e-01 9.491429449877951674e-01 9.491429449877951674e-01 9.491429449877951674e-01 9.962194968477792179e-01 1.112485682079757066e+00 1.143138711411094466e+00 9.993656343856853752e-01 1.048652101945030779e+00 1.112795483985426159e+00 1.086824075269025025e+00 1.051963825669142594e+00 1.093108179208056807e+00 1.168732193195712421e+00 1.131280152532050831e+00 1.096419902932168622e+00 1.148809766185328707e+00 1.170527848035625373e+00 1.186981739509322731e+00 1.152121489909440522e+00 1.235717249028418951e+00 1.299377726379584042e+00 1.331491953572280451e+00 1.270174757926645581e+00
9.500457058724499637e-01 9.652244260083898686e-01 9.500457058724499637e-01 0.000000000000000000e+00 9.990978368292581235e-01 1.003502211544054612e+00 9.685361497325014613e-01 1.027866500171147779e+00 1.051681933504482247e+00 1.048638150076374398e+00 1.006813935268166427e+00 1.072883081969857821e+00 1.107033614215244599e+00 1.093115212740603415e+00 1.051949873800486213e+00 1.088615428074432012e+00 1.226630043451794716e+00 1.143024676417552232e+00 1.198552214893778833e+00 1.162379539702180553e+00 8.574162495498860448e-01 8.350789186514295803e-01 8.870104060170269644e-01 9.482652070245475295e-01 9.500457058724499637e-01 8.732508919754236043e-01 9.491429449877951674e-01 9.482652070245475295e-01 1.017574347342843355e+00 9.437391369718548528e-01 1.012513818821045630e+00 1.039749815294827906e+00 1.296521883961742727e+00 1.203183869913212911e+00 1.258457705820224426e+00 1.201863938617890648e+00 1.108238044598662375e+00 1.158429646435977345e+00 1.090488155415883842e+00 1.144570545134713235e+00 9.619145898429409813e-01 8.968557112084104554e-01 9.538174116731314989e-01 9.482652070245475295e-01 1.046630468462046659e+00 9.717226712683065815e-01 1.012513818821045630e+00 9.717226712683065815e-01 1.301369586350632934e+00 1.266509336750750503e+00 1.324692321916025817e+00 1.266509336750750503e+00 8.903977481701528252e-01 8.882136232147104238e-01 8.806144289969024541e-01 9.482652070245475295e-01 9.865903026816098542e-01 9.263855965387043367e-01 1.004018328076980549e+00 9.482652070245475295e-01 1.046630468462046659e+00 1.008850215406897899e+00 1.046594481868154070e+00 1.008850215406897899e+00 1.407395853658333307e+00 1.478157595916239186e+00 1.394412970437922006e+00 1.475337344678427032e+00 9.491429449877951674e-01 9.491429449877951674e-01 9.491429449877951674e-01 9.491429449877951674e-01 9.993656343856853752e-01 1.048652101945030779e+00 1.056861397975769057e+00 1.143138711411094466e+00 1.051963825669142594e+00 1.093108179208056807e+00 1.051963825669142594e+00 1.173819424211208329e+00 1.096419902932168622e+00 1.148809766185328707e+00 1.096419902932168622e+00 1.202904665823240515e+00 1.152121489909440522e+00 1.148809766185328707e+00 1.152121489909440522e+00 1.231290108876193612e+00 1.337026060975416542e+00 1.173931386576998026e+00 1.299377726379584042e+00 1.331491953572280451e+00
1.027866500171147779e+00 1.065804019811626979e+00 9.652244260083898686e-01 9.990978368292581235e-01 0.000000000000000000e+00 1.121898968222765358e+00 9.533271009668518037e-01 1.065804019811626979e+00 1.081964737022260925e+00 1.180946282339752962e+00 1.037316477163508832e+00 1.065804019811626979e+00 1.129350612599850479e+00 1.243101349831319036e+00 1.038459452103573266e+00 1.084277627096643659e+00 1.194009415366105609e+00 1.308527736664546470e+00 1.235924843651205807e+00 1.176989098271596701e+00 9.981739021311026860e-01 9.500457058724499637e-01 8.506107681318976210e-01 9.336951642284494479e-01 9.981739021311026860e-01 1.000048111444684196e+00 9.282470535287226099e-01 9.990978368292581235e-01 1.094473489784029363e+00 1.071130891939835239e+00 1.005783576301621629e+00 1.065804019811626979e+00 1.256852016174847986e+00 1.291189519422941911e+00 1.300570241784065662e+00 1.232366480513233054e+00 1.104306037556094688e+00 1.166566362735434126e+00 1.194793542694858823e+00 1.181943173892139987e+00 9.981739021311026860e-01 1.000048111444684196e+00 9.600277779758075170e-01 9.990978368292581235e-01 1.094473489784029363e+00 1.071130891939835239e+00 1.042911120440213057e+00 1.065804019811626979e+00 1.323002122289313798e+00 1.364759877854466064e+00 1.360855105639094953e+00 1.258457705820224426e+00 9.981739021311026860e-01 9.619145898429409813e-01 8.935213920507900642e-01 9.269625568388447645e-01 9.981739021311026860e-01 1.012541673518885244e+00 1.001059654150700418e+00 9.990978368292581235e-01 1.094473489784029363e+00 1.101716282591628016e+00 1.083967110625581043e+00 1.065804019811626979e+00 1.511701240937308732e+00 1.515530224673665938e+00 1.424915512333264411e+00 1.439753713439982485e+00 9.990978368292581235e-01 9.990978368292581235e-01 9.990978368292581235e-01 9.990978368292581235e-01 1.143138711411094466e+00 1.086024730702457974e+00 1.037695581809433554e+00 1.053612143069330820e+00 1.203303906748520502e+00 1.130480807965483558e+00 1.036800813982259095e+00 1.167437277639147952e+00 1.235599393906535060e+00 1.186182394942755458e+00 1.126922444827510805e+00 1.143607771509289384e+00 1.266215437708674285e+00 1.238127209542257745e+00 1.059473076385740731e+00 1.203797654220304603e+00 1.436116178890443296e+00 1.292832999237409686e+00 1.296391362375382439e+00 1.333847816310586909e+00
1.051681933504482247e+00 1.081964737022260925e+00 1.012513818821045630e+00 1.003502211544054612e+00 1.121898968222765358e+00 0.000000000000000000e+00 1.065804019811626979e+00 1.003502211544054612e+00 1.121898968222765358e+00 1.138910249497116833e+00 1.040874840301481585e+00 1.037316477163508832e+00 1.141344870628046015e+00 1.188790118526158457e+00 1.180946282339752962e+00 1.072625731756859047e+00 1.201466417080224502e+00 1.206222080968899713e+00 1.377397617541627817e+00 1.180547461409569454e+00 9.828370149773152376e-01 1.050709370664318687e+00 9.025434205788274156e-01 8.953797559283133145e-01 1.051681933504482247e+00 1.050709370664318687e+00 1.052682222573351867e+00 9.099080013440609127e-01 1.121898968222765358e+00 1.152077357667399271e+00 1.127506202041931971e+00 1.035637889250376809e+00 1.232366480513233054e+00 1.256852016174847986e+00 1.359146862550465240e+00 1.257677413363009311e+00 1.166898323415007876e+00 1.162427407953783964e+00 1.227964592353088635e+00 1.257677413363009311e+00 1.051681933504482247e+00 1.050709370664318687e+00 1.052682222573351867e+00 9.753156573935877205e-01 1.121898968222765358e+00 1.152077357667399271e+00 1.127506202041931971e+00 1.043835679509271808e+00 1.258457705820224426e+00 1.323002122289313798e+00 1.436589345109964277e+00 1.317744363309779621e+00 9.757500598303630035e-01 1.050709370664318687e+00 9.434013789156777685e-01 9.405488337376738395e-01 1.051681933504482247e+00 1.050709370664318687e+00 1.065833340546195052e+00 9.630427059073416451e-01 1.121898968222765358e+00 1.152077357667399271e+00 1.159701350096450589e+00 1.078333701243236797e+00 1.439753713439982485e+00 1.591264464144535484e+00 1.428473875471237164e+00 1.430165561978168132e+00 1.051681933504482247e+00 1.051681933504482247e+00 1.051681933504482247e+00 1.051681933504482247e+00 1.053612143069330820e+00 1.203303906748520502e+00 1.076793893621569742e+00 1.072975435984808712e+00 1.228881344883313576e+00 1.266635691314232259e+00 1.118393831676572914e+00 1.062205805791271995e+00 1.143607771509289384e+00 1.300630940954247583e+00 1.159701350096450589e+00 1.126922444827510805e+00 1.211457925792519097e+00 1.332858355482815060e+00 1.211457925792519097e+00 1.059473076385740731e+00 1.376193837927174757e+00 1.364310369945921142e+00 1.292832999237409686e+00 1.296391362375382439e+00
9.652244260083898686e-01 1.012513818821045630e+00 1.003396399332383782e+00 9.685361497325014613e-01 9.533271009668518037e-01 1.065804019811626979e+00 0.000000000000000000e+00 1.065804019811626979e+00 1.037316477163508832e+00 1.086010778833801371e+00 1.078331294236685833e+00 1.121898968222765358e+00 1.038459452103573266e+00 1.130487841498030388e+00 1.129350612599850479e+00 1.180946282339752962e+00 1.180547461409569454e+00 1.176989098271596701e+00 1.256852016174847986e+00 1.218003915344774146e+00 8.506107681318976210e-01 9.336951642284494479e-01 9.981739021311026860e-01 9.025434205788274156e-01 9.310796957972969912e-01 9.363027745081776709e-01 9.981739021311026860e-01 9.349976932591844703e-01 1.000707399202260373e+00 1.065804019811626979e+00 1.094473489784029363e+00 1.071130891939835239e+00 1.235924843651205807e+00 1.232366480513233054e+00 1.323002122289313798e+00 1.273381297586410277e+00 1.194793542694858823e+00 1.122846015197533021e+00 1.104306037556094688e+00 1.209712232707089719e+00 9.265498745239082456e-01 9.990978368292581235e-01 9.981739021311026860e-01 1.000048111444684196e+00 9.916438955338081618e-01 1.065804019811626979e+00 1.094473489784029363e+00 1.071130891939835239e+00 1.292812350357140039e+00 1.258457705820224426e+00 1.392633812936119764e+00 1.364759877854466064e+00 8.935213920507900642e-01 9.269625568388447645e-01 9.981739021311026860e-01 9.138188603507938490e-01 9.630427059073416451e-01 9.597707609262817741e-01 1.024774878938480294e+00 9.974842319110120981e-01 1.029768755094301991e+00 1.065804019811626979e+00 1.109540398805653805e+00 1.101716282591628016e+00 1.424915512333264411e+00 1.515530224673665938e+00 1.465930329406441857e+00 1.439753713439982485e+00 9.990978368292581235e-01 9.990978368292581235e-01 9.990978368292581235e-01 9.990978368292581235e-01 1.037695581809433554e+00 1.109065413757190477e+00 1.078710398882610777e+00 1.041253944947406307e+00 1.036800813982259095e+00 1.167437277639147952e+00 1.203303906748520502e+00 1.073956767567209258e+00 1.126922444827510805e+00 1.203797654220304603e+00 1.167937261900688251e+00 1.130480807965483558e+00 1.059473076385740731e+00 1.267155425495057441e+00 1.266215437708674285e+00 1.176220849065144902e+00 1.360855105639094953e+00 1.333847816310586909e+00 1.364310369945921142e+00 1.292832999237409686e+00
1.012513818821045630e+00 9.652244260083898686e-01 9.990978368292581235e-01 1.027866500171147779e+00 1.065804019811626979e+00 1.003502211544054612e+00 1.065804019811626979e+00 0.000000000000000000e+00 1.121898968222765358e+00 1.038459452103573266e+00 1.040874840301481585e+00 1.081964737022260925e+00 1.180946282339752962e+00 1.093115212740603415e+00 1.084277627096643659e+00 1.129350612599850479e+00 1.308527736664546470e+00 1.180547461409569454e+00 1.195534820529213116e+00 1.180547461409569454e+00 9.025434205788274156e-01 8.506107681318976210e-01 9.336951642284494479e-01 9.981739021311026860e-01 1.000048111444684196e+00 9.099080013440609127e-01 9.990978368292581235e-01 9.981739021311026860e-01 1.071130891939835239e+00 9.838559947878579015e-01 1.065804019811626979e+00 1.094473489784029363e+00 1.291189519422941911e+00 1.235924843651205807e+00 1.258457705820224426e+00 1.235924843651205807e+00 1.166566362735434126e+00 1.194793542694858823e+00 1.122846015197533021e+00 1.144570545134713235e+00 1.000048111444684196e+00 9.265498745239082456e-01 9.990978368292581235e-01 9.981739021311026860e-01 1.071130891939835239e+00 9.916438955338081618e-01 1.065804019811626979e+00 1.094473489784029363e+00 1.364759877854466064e+00 1.292812350357140039e+00 1.324692321916025817e+00 1.323002122289313798e+00 9.138188603507938490e-01 8.935213920507900642e-01 9.269625568388447645e-01 9.981739021311026860e-01 1.012541673518885244e+00 9.630427059073416451e-01 1.004018328076980549e+00 9.981739021311026860e-01 1.101716282591628016e+00 1.029768755094301991e+00 1.065804019811626979e+00 1.094473489784029363e+00 1.439753713439982485e+00 1.478157595916239186e+00 1.428473875471237164e+00 1.511701240937308732e+00 9.990978368292581235e-01 9.990978368292581235e-01 9.990978368292581235e-01 9.990978368292581235e-01 1.041253944947406307e+00 1.038452770247653811e+00 1.041253944947406307e+00 1.143138711411094466e+00 1.073956767567209258e+00 1.091369277876062194e+00 1.167437277639147952e+00 1.203303906748520502e+00 1.130480807965483558e+00 1.126922444827510805e+00 1.130480807965483558e+00 1.235599393906535060e+00 1.176220849065144902e+00 1.115234817248148103e+00 1.203797654220304603e+00 1.266215437708674285e+00 1.337026060975416542e+00 1.296391362375382439e+00 1.333847816310586909e+00 1.364310369945921142e+00
1.072883081969857821e+00 1.065804019811626979e+00 1.003502211544054612e+00 1.051681933504482247e+00 1.081964737022260925e+00 1.121898968222765358e+00 1.037316477163508832e+00 1.121898968222765358e+00 0.000000000000000000e+00 1.180946282339752962e+00 1.036274197573908928e+00 1.121898968222765358e+00 1.161745018304670696e+00 1.243101349831319036e+00 1.117761670289178610e+00 1.141344870628046015e+00 1.216114259781218010e+00 1.308527736664546470e+00 1.271491642022853918e+00 1.212298352864946915e+00 1.050709370664318687e+00 9.500457058724499637e-01 8.953797559283133145e-01 9.828370149773152376e-01 1.050709370664318687e+00 1.000048111444684196e+00 9.458148475300831581e-01 1.051681933504482247e+00 1.152077357667399271e+00 1.071130891939835239e+00 1.035637889250376809e+00 1.121898968222765358e+00 1.227276338497931274e+00 1.377397617541627817e+00 1.326600808810206145e+00 1.195534820529213116e+00 1.169977243402936518e+00 1.227964592353088635e+00 1.237672684300562542e+00 1.173793150319207612e+00 1.050709370664318687e+00 1.052682222573351867e+00 9.955945763474559618e-01 1.051681933504482247e+00 1.152077357667399271e+00 1.127506202041931971e+00 1.043835679509271808e+00 1.121898968222765358e+00 1.336137040155713995e+00 1.376304481254934986e+00 1.396421904010743287e+00 1.332321133239443123e+00 1.050709370664318687e+00 1.000048111444684196e+00 9.405488337376738395e-01 9.757500598303630035e-01 1.050709370664318687e+00 1.052682222573351867e+00 1.036626452522348751e+00 9.990978368292581235e-01 1.152077357667399271e+00 1.127506202041931971e+00 1.078477918811861391e+00 1.074662011895590519e+00 1.554580382543012229e+00 1.551097023045314272e+00 1.436373268458908559e+00 1.448625092554920890e+00 1.051681933504482247e+00 1.051681933504482247e+00 1.051681933504482247e+00 1.051681933504482247e+00 1.169484813891193964e+00 1.107745226020275364e+00 1.073004836402783546e+00 1.131060024228990324e+00 1.203303906748520502e+00 1.166047606337132114e+00 1.117775622157835214e+00 1.228881344883313576e+00 1.266635691314232259e+00 1.210009307518210564e+00 1.006499422566453639e+00 1.171222456449406035e+00 1.300630940954247583e+00 1.273694007913905857e+00 1.217933286398132919e+00 1.221749193314404014e+00 1.476851363415861540e+00 1.328142253830759678e+00 1.331958160747030773e+00 1.372125601846251541e+00
1.107033614215244599e+00 1.129350612599850479e+00 1.022939414390563240e+00 1.048638150076374398e+00 1.180946282339752962e+00 1.138910249497116833e+00 1.086010778833801371e+00 1.038459452103573266e+00 1.180946282339752962e+00 0.000000000000000000e+00 1.121898968222765358e+00 1.072625731756859047e+00 1.201415653292680075e+00 1.198852894207491415e+00 1.180946282339752962e+00 1.117761670289178610e+00 1.246602355612544510e+00 1.251358019501219498e+00 1.377397617541627817e+00 1.216114259781218010e+00 1.034565278923489817e+00 1.106009863857177589e+00 9.443553119063375911e-01 9.425050062403298456e-01 1.107033614215244599e+00 1.106009863857177589e+00 1.052682222573351867e+00 9.481857868797257671e-01 1.180946282339752962e+00 1.212713008070946730e+00 1.127506202041931971e+00 1.090145146579344138e+00 1.226525447362934562e+00 1.257677413363009311e+00 1.449892228991187304e+00 1.302813351895329097e+00 1.212034261947327662e+00 1.169977243402936518e+00 1.292594307740093429e+00 1.302813351895329097e+00 1.107033614215244599e+00 1.106009863857177589e+00 1.108086550077212573e+00 1.026648060414302899e+00 1.180946282339752962e+00 1.212713008070946730e+00 1.186848633728349478e+00 1.080524650030967759e+00 1.332321133239443123e+00 1.368169334882628263e+00 1.430680907947858183e+00 1.362880301842099184e+00 1.027105326137224273e+00 1.106009863857177589e+00 9.885373174479976655e-01 9.799298469892617769e-01 1.051681933504482247e+00 1.106009863857177589e+00 1.108086550077212573e+00 1.001320491443006722e+00 1.121898968222765358e+00 1.212713008070946730e+00 1.186848633728349478e+00 1.123469639775556583e+00 1.448625092554920890e+00 1.636400402676855048e+00 1.473542171893048591e+00 1.475301500510487918e+00 1.107033614215244599e+00 1.107033614215244599e+00 1.107033614215244599e+00 1.107033614215244599e+00 1.131060024228990324e+00 1.231036646201256746e+00 1.121929832153889528e+00 1.118111374517128498e+00 1.293559310403488150e+00 1.266635691314232259e+00 1.163529770208892700e+00 1.117775622157835214e+00 1.171222456449406035e+00 1.333300727699191945e+00 1.186848633728349478e+00 1.006499422566453639e+00 1.264934303108345981e+00 1.369085201004471175e+00 1.256593864324838883e+00 1.217933286398132919e+00 1.437715217705657134e+00 1.403008795245068496e+00 1.328142253830759678e+00 1.331958160747030773e+00
1.003502211544054612e+00 1.006813935268166427e+00 1.041674184868048858e+00 1.006813935268166427e+00 1.037316477163508832e+00 1.040874840301481585e+00 1.078331294236685833e+00 1.040874840301481585e+00 1.036274197573908928e+00 1.121898968222765358e+00 0.000000000000000000e+00 1.121898968222765358e+00 1.117761670289178610e+00 1.141344870628046015e+00 1.161745018304670696e+00 1.180946282339752962e+00 1.216114259781218010e+00 1.212298352864946915e+00 1.256854079882089303e+00 1.256281700880439001e+00 8.945604040249556244e-01 8.970775120077880693e-01 9.235733858624938231e-01 8.970775120077880693e-01 9.404179896024952301e-01 1.051681933504482247e+00 1.050709370664318687e+00 1.000048111444684196e+00 1.018674031876157127e+00 1.044852495906233081e+00 1.018674031876157127e+00 1.050213134106679602e+00 1.260270768369695871e+00 1.195534820529213116e+00 1.291869829997822405e+00 1.377397617541627817e+00 1.213960591418428603e+00 1.173793150319207612e+00 1.169977243402936518e+00 1.227964592353088635e+00 9.717906061127127293e-01 9.687324908536338874e-01 9.717906061127127293e-01 1.003981292999592156e+00 1.043835679509271808e+00 1.040255876547643510e+00 1.043835679509271808e+00 1.081517815772491176e+00 1.336137040155713995e+00 1.332321133239443123e+00 1.336137040155713995e+00 1.376304481254934986e+00 9.405488337376738395e-01 9.434013789156777685e-01 9.734281703276093101e-01 9.434013789156777685e-01 9.847951298962313027e-01 9.990978368292581235e-01 1.050709370664318687e+00 1.052682222573351867e+00 1.078477918811861391e+00 1.074662011895590519e+00 1.152077357667399271e+00 1.118645359911082604e+00 1.436373268458908559e+00 1.524868518478864177e+00 1.554580382543012229e+00 1.473542171893048591e+00 1.051681933504482247e+00 1.051681933504482247e+00 1.051681933504482247e+00 1.051681933504482247e+00 1.073004836402783546e+00 1.190589499188410949e+00 1.116988184418275409e+00 1.076820743319054641e+00 1.117775622157835214e+00 1.228881344883313576e+00 1.161758970173327299e+00 1.121591529074106086e+00 1.006499422566453639e+00 1.232865743630953803e+00 1.266635691314232259e+00 1.149508842142300091e+00 1.217933286398132919e+00 1.267512797600338859e+00 1.261916634413625005e+00 1.221749193314404014e+00 1.347729798164128079e+00 1.372125601846251541e+00 1.403008795245068496e+00 1.328142253830759678e+00
1.012513818821045630e+00 1.003502211544054612e+00 1.051681933504482247e+00 1.072883081969857821e+00 1.065804019811626979e+00 1.037316477163508832e+00 1.121898968222765358e+00 1.081964737022260925e+00 1.121898968222765358e+00 1.072625731756859047e+00 1.121898968222765358e+00 0.000000000000000000e+00 1.180946282339752962e+00 1.121520088339091004e+00 1.121577577205449483e+00 1.161745018304670696e+00 1.308527736664546470e+00 1.216114259781218010e+00 1.212298352864946915e+00 1.216114259781218010e+00 9.025434205788274156e-01 8.953797559283133145e-01 9.828370149773152376e-01 1.050709370664318687e+00 1.000048111444684196e+00 9.042024388642337929e-01 1.051681933504482247e+00 1.050709370664318687e+00 1.071130891939835239e+00 1.035637889250376809e+00 1.121898968222765358e+00 1.152077357667399271e+00 1.377397617541627817e+00 1.260270768369695871e+00 1.258457705820224426e+00 1.227276338497931274e+00 1.173793150319207612e+00 1.237672684300562542e+00 1.173793150319207612e+00 1.178384810754167233e+00 1.052682222573351867e+00 9.753156573935877205e-01 1.051681933504482247e+00 1.050709370664318687e+00 1.127506202041931971e+00 1.043835679509271808e+00 1.121898968222765358e+00 1.152077357667399271e+00 1.376304481254934986e+00 1.336137040155713995e+00 1.357050181697675217e+00 1.336137040155713995e+00 9.500457058724499637e-01 9.405488337376738395e-01 9.757500598303630035e-01 1.050709370664318687e+00 1.052682222573351867e+00 9.847951298962313027e-01 9.990978368292581235e-01 1.050709370664318687e+00 1.127506202041931971e+00 1.078477918811861391e+00 1.074662011895590519e+00 1.078477918811861391e+00 1.473542171893048591e+00 1.511971861535693185e+00 1.448625092554920890e+00 1.554580382543012229e+00 1.051681933504482247e+00 1.051681933504482247e+00 1.051681933504482247e+00 1.051681933504482247e+00 1.076820743319054641e+00 1.073004836402783546e+00 1.076820743319054641e+00 1.169484813891193964e+00 1.121591529074106086e+00 1.117775622157835214e+00 1.121591529074106086e+00 1.203303906748520502e+00 1.149508842142300091e+00 1.059473076385740731e+00 1.171222456449406035e+00 1.266635691314232259e+00 1.221749193314404014e+00 1.231571794256613339e+00 1.221749193314404014e+00 1.300630940954247583e+00 1.367766027767983283e+00 1.331958160747030773e+00 1.372125601846251541e+00 1.403008795245068496e+00
1.088615428074432012e+00 1.084277627096643659e+00 1.048638150076374398e+00 1.107033614215244599e+00 1.129350612599850479e+00 1.141344870628046015e+00 1.038459452103573266e+00 1.180946282339752962e+00 1.161745018304670696e+00 1.201415653292680075e+00 1.117761670289178610e+00 1.180946282339752962e+00 0.000000000000000000e+00 1.264648056097557927e+00 1.104126796305737512e+00 1.201415653292680075e+00 1.261950414955254285e+00 1.331208480102692659e+00 1.313430871282977197e+00 1.253933894749165390e+00 1.106009863857177589e+00 9.717924436710350111e-01 9.425050062403298456e-01 1.034565278923489817e+00 1.106009863857177589e+00 1.022939414390563240e+00 1.005753081160494000e+00 1.107033614215244599e+00 1.212713008070946730e+00 1.090453170899637225e+00 1.090145146579344138e+00 1.180946282339752962e+00 1.328368857847636253e+00 1.377397617541627817e+00 1.378076269415837274e+00 1.309311276990801298e+00 1.167700446659912128e+00 1.292594307740093429e+00 1.279925893831580064e+00 1.259449201523911377e+00 1.106009863857177589e+00 1.052682222573351867e+00 1.037533805607578907e+00 1.051681933504482247e+00 1.212713008070946730e+00 1.127506202041931971e+00 1.120417148071984670e+00 1.121898968222765358e+00 1.398283008260669869e+00 1.449892228991187304e+00 1.438361133270866343e+00 1.307384146030815986e+00 1.106009863857177589e+00 1.052682222573351867e+00 9.799298469892617769e-01 1.027105326137224273e+00 1.106009863857177589e+00 1.108086550077212573e+00 1.078565681782471808e+00 1.043184484994266192e+00 1.212713008070946730e+00 1.186848633728349478e+00 1.161473138257352433e+00 1.068116241307167202e+00 1.596833592074029973e+00 1.593036252305437328e+00 1.501860308810832878e+00 1.513384439690165451e+00 1.107033614215244599e+00 1.107033614215244599e+00 1.107033614215244599e+00 1.107033614215244599e+00 1.169484813891193964e+00 1.163530758334229365e+00 1.118111374517128498e+00 1.167437277639147952e+00 1.231036646201256746e+00 1.207986835597255171e+00 9.561744514381309568e-01 1.293559310403488150e+00 1.266635691314232259e+00 1.263688422574527070e+00 1.203867241305079494e+00 1.228881344883313576e+00 1.333300727699191945e+00 1.315633237174029135e+00 1.202092240074195129e+00 1.279078540191660673e+00 1.516991912470328385e+00 1.369777795714978152e+00 1.373897390007153829e+00 1.531541366567890528e+00
1.165298541279204958e+00 1.145910976920454738e+00 1.051949873800486213e+00 1.093115212740603415e+00 1.243101349831319036e+00 1.188790118526158457e+00 1.130487841498030388e+00 1.093115212740603415e+00 1.243101349831319036e+00 1.198852894207491415e+00 1.141344870628046015e+00 1.121520088339091004e+00 1.264648056097557927e+00 0.000000000000000000e+00 1.207993869129801778e+00 1.162238732953407849e+00 1.291079418276773305e+00 1.261950414955254285e+00 1.401272084318623934e+00 1.258053489041340844e+00 1.089016083077357644e+00 1.164220909323344877e+00 9.940582230593028035e-01 9.921105328845577498e-01 1.165298541279204958e+00 1.164220909323344877e+00 1.076778330937435024e+00 9.933217254120455530e-01 1.243101349831319036e+00 1.276540008495733458e+00 1.147845443052249781e+00 1.147521206925625536e+00 1.309311276990801298e+00 1.328368857847636253e+00 1.449892228991187304e+00 1.347290414559558114e+00 1.256511324611556679e+00 1.229158364905170719e+00 1.360625587094835165e+00 1.347290414559558114e+00 1.107033614215244599e+00 1.164220909323344877e+00 1.108086550077212573e+00 1.080682168857161063e+00 1.180946282339752962e+00 1.276540008495733458e+00 1.186848633728349478e+00 1.137394368453650273e+00 1.331208480102692659e+00 1.440178247244871867e+00 1.526202346306513080e+00 1.407357364506328423e+00 1.081163501197078158e+00 1.164220909323344877e+00 1.033014380112226460e+00 1.031505102093959847e+00 1.055890065859760307e+00 1.164220909323344877e+00 1.166406894818118545e+00 1.046456429975326285e+00 1.124332885586491804e+00 1.276540008495733458e+00 1.249314351292999392e+00 1.167946702439785600e+00 1.513384439690165451e+00 1.680877465341084287e+00 1.505979903103008777e+00 1.514130060331722705e+00 1.165298541279204958e+00 1.165298541279204958e+00 1.165298541279204958e+00 1.165298541279204958e+00 1.167437277639147952e+00 1.231036646201256746e+00 1.166406894818118545e+00 1.118111374517128498e+00 1.361641379372092953e+00 1.295828048632901908e+00 1.208006832873121716e+00 1.006499422566453639e+00 1.215124613182077651e+00 1.333300727699191945e+00 1.249314351292999392e+00 1.203867241305079494e+00 1.331509792745627418e+00 1.403474450209675872e+00 1.301070926989067900e+00 1.234405272644311546e+00 1.612148806913568988e+00 1.441142316846811822e+00 1.369777795714978152e+00 1.373897390007153829e+00
1.048638150076374398e+00 1.121898968222765358e+00 1.086810123400368422e+00 1.051949873800486213e+00 1.038459452103573266e+00 1.180946282339752962e+00 1.129350612599850479e+00 1.084277627096643659e+00 1.117761670289178610e+00 1.180946282339752962e+00 1.161745018304670696e+00 1.121577577205449483e+00 1.104126796305737512e+00 1.207993869129801778e+00 0.000000000000000000e+00 1.201415653292680075e+00 1.258053489041340844e+00 1.253933894749165390e+00 1.328368857847636253e+00 1.301417639412758565e+00 9.425050062403298456e-01 1.034565278923489817e+00 1.106009863857177589e+00 9.443553119063375911e-01 1.008585723429068493e+00 1.019716498576162422e+00 1.106009863857177589e+00 1.018411417327169000e+00 1.090145146579344138e+00 1.180946282339752962e+00 1.212713008070946730e+00 1.090453170899637225e+00 1.313430871282977197e+00 1.309311276990801298e+00 1.398283008260669869e+00 1.356795021654394917e+00 1.279925893831580064e+00 1.196476741447715764e+00 1.167700446659912128e+00 1.292594307740093429e+00 1.026648060414302899e+00 1.051681933504482247e+00 1.106009863857177589e+00 1.052682222573351867e+00 1.080524650030967759e+00 1.121898968222765358e+00 1.212713008070946730e+00 1.127506202041931971e+00 1.366443076607323004e+00 1.307384146030815986e+00 1.471876850800705183e+00 1.449892228991187304e+00 9.799298469892617769e-01 1.027105326137224273e+00 1.106009863857177589e+00 1.000048111444684196e+00 1.046456429975326285e+00 1.043184484994266192e+00 1.106009863857177589e+00 1.080897955978996627e+00 1.109549367317796298e+00 1.068116241307167202e+00 1.212713008070946730e+00 1.186848633728349478e+00 1.501860308810832878e+00 1.593036252305437328e+00 1.549344053474426497e+00 1.513384439690165451e+00 1.107033614215244599e+00 1.107033614215244599e+00 1.107033614215244599e+00 1.107033614215244599e+00 1.118111374517128498e+00 1.228881344883313576e+00 1.162124122950595417e+00 1.121929832153889528e+00 9.561744514381309568e-01 1.293559310403488150e+00 1.231036646201256746e+00 1.147606491229465675e+00 1.203867241305079494e+00 1.279078540191660673e+00 1.251350985968672891e+00 1.207986835597255171e+00 1.202092240074195129e+00 1.346398463359642861e+00 1.333300727699191945e+00 1.249851575315327645e+00 1.438361133270866343e+00 1.417261540378571549e+00 1.441142316846811822e+00 1.369777795714978152e+00
1.051949873800486213e+00 1.048638150076374398e+00 1.107033614215244599e+00 1.088615428074432012e+00 1.084277627096643659e+00 1.072625731756859047e+00 1.180946282339752962e+00 1.129350612599850479e+00 1.141344870628046015e+00 1.117761670289178610e+00 1.180946282339752962e+00 1.161745018304670696e+00 1.201415653292680075e+00 1.162238732953407849e+00 1.201415653292680075e+00 0.000000000000000000e+00 1.331208480102692659e+00 1.258053489041340844e+00 1.253933894749165390e+00 1.258053489041340844e+00 9.443553119063375911e-01 9.425050062403298456e-01 1.034565278923489817e+00 1.106009863857177589e+00 1.022939414390563240e+00 9.933217254120455530e-01 1.107033614215244599e+00 1.106009863857177589e+00 1.090453170899637225e+00 1.090145146579344138e+00 1.180946282339752962e+00 1.212713008070946730e+00 1.377397617541627817e+00 1.313430871282977197e+00 1.309311276990801298e+00 1.313430871282977197e+00 1.292594307740093429e+00 1.279925893831580064e+00 1.196476741447715764e+00 1.213694065347517226e+00 1.052682222573351867e+00 1.026648060414302899e+00 1.051681933504482247e+00 1.106009863857177589e+00 1.127506202041931971e+00 1.080524650030967759e+00 1.121898968222765358e+00 1.212713008070946730e+00 1.449892228991187304e+00 1.366443076607323004e+00 1.376193837927174757e+00 1.398283008260669869e+00 1.000048111444684196e+00 9.799298469892617769e-01 1.027105326137224273e+00 1.106009863857177589e+00 1.108086550077212573e+00 1.046456429975326285e+00 1.043184484994266192e+00 1.106009863857177589e+00 1.186848633728349478e+00 1.109549367317796298e+00 1.115718002080958504e+00 1.212713008070946730e+00 1.513384439690165451e+00 1.547281116129043177e+00 1.505979903103008777e+00 1.596833592074029973e+00 1.107033614215244599e+00 1.107033614215244599e+00 1.107033614215244599e+00 1.107033614215244599e+00 1.121929832153889528e+00 1.118111374517128498e+00 1.167437277639147952e+00 1.169484813891193964e+00 1.147606491229465675e+00 1.006499422566453639e+00 1.293559310403488150e+00 1.231036646201256746e+00 1.207986835597255171e+00 1.203867241305079494e+00 1.207986835597255171e+00 1.266635691314232259e+00 1.249851575315327645e+00 1.265360252709679223e+00 1.279078540191660673e+00 1.333300727699191945e+00 1.399865063298395995e+00 1.373897390007153829e+00 1.531541366567890528e+00 1.441142316846811822e+00
1.162379539702180553e+00 1.163188631544559648e+00 1.143024676417552232e+00 1.226630043451794716e+00 1.194009415366105609e+00 1.201466417080224502e+00 1.180547461409569454e+00 1.308527736664546470e+00 1.216114259781218010e+00 1.246602355612544510e+00 1.216114259781218010e+00 1.308527736664546470e+00 1.261950414955254285e+00 1.291079418276773305e+00 1.258053489041340844e+00 1.331208480102692659e+00 0.000000000000000000e+00 1.331208480102692659e+00 1.366502379449379578e+00 1.331208480102692659e+00 1.106009863857177589e+00 1.046377076904529302e+00 1.044326876720587105e+00 1.146332719028797520e+00 1.225495694024573590e+00 1.087858407987813747e+00 1.143024676417552232e+00 1.146332719028797520e+00 1.343726324732350985e+00 1.171106998201714600e+00 1.207917059921711056e+00 1.180946282339752962e+00 1.462118796271391297e+00 1.432237460099826443e+00 1.438423557315136492e+00 1.401272084318623934e+00 1.293850910426495471e+00 1.432237460099826443e+00 1.304480325603742052e+00 1.342534750670883126e+00 1.225495694024573590e+00 1.133450874670984376e+00 1.137560177744380230e+00 1.111463227220800487e+00 1.343726324732350985e+00 1.196604857072778083e+00 1.203502697218956197e+00 1.183508300617359899e+00 1.515977102363023077e+00 1.465917482451483789e+00 1.514130060331722705e+00 1.465917482451483789e+00 1.108565165297637822e+00 1.086177828750880314e+00 1.085794844309431406e+00 1.138066843365345582e+00 1.225495694024573590e+00 1.140993112551094812e+00 1.137721167570034719e+00 1.140993112551094812e+00 1.343726324732350985e+00 1.226845473820811883e+00 1.244558687404324182e+00 1.218006322351324666e+00 1.596833592074029973e+00 1.676121801452409077e+00 1.593821116138655514e+00 1.696998744119546432e+00 1.165298541279204958e+00 1.165298541279204958e+00 1.165298541279204958e+00 1.165298541279204958e+00 1.225495694024573590e+00 1.246616307481200892e+00 1.059473076385740731e+00 1.302441888809778625e+00 1.261961778839474357e+00 1.253946764620573973e+00 1.258066452784661005e+00 1.433306715128519038e+00 1.343726324732350985e+00 1.294955169955802399e+00 1.299373971204538458e+00 1.433306715128519038e+00 1.351529635610173807e+00 1.346773971721498597e+00 1.351529635610173807e+00 1.401589255521713095e+00 1.521446682417837870e+00 1.365829456820374155e+00 1.550057381036703985e+00 1.531541366567890528e+00
